const VDW_RADII: [f64; 103] = [
1.100,
1.400,
1.820,
1.530,
1.920,
1.700,
1.550,
1.520,
1.470,
1.540,
2.270,
1.730,
1.840,
2.100,
1.800,
1.800,
1.750,
1.880,
2.750,
2.310,
2.150,
2.110,
2.070,
2.060,
2.050,
2.040,
2.000,
1.970,
1.960,
2.010,
1.870,
2.110,
1.850,
1.900,
1.850,
2.020,
3.030,
2.490,
2.320,
2.230,
2.180,
2.170,
2.160,
2.130,
2.100,
2.100,
2.110,
2.180,
1.930,
2.170,
2.060,
2.060,
1.980,
2.160,
3.430,
2.680,
2.430,
2.420,
2.400,
2.390,
2.380,
2.360,
2.350,
2.340,
2.330,
2.310,
2.300,
2.290,
2.270,
2.260,
2.240,
2.230,
2.220,
2.180,
2.160,
2.160,
2.130,
2.130,
2.140,
2.230,
1.960,
2.020,
2.070,
1.970,
2.020,
2.200,
3.480,
2.830,
2.470,
2.450,
2.430,
2.410,
2.390,
2.430,
2.440,
2.450,
2.440,
2.450,
2.450,
2.450,
2.460,
2.460,
2.460,
];